0.9000000E+01
0.1800000E+02
0.1000000E+01
0.1152000E+01
0.2246540E+01
0.1000000E+08
0.7134410E+02
0.1736310E+03
0.5115730E+06
0.1048870E+06
-0.2248230E+06
-0.7731280E+00
-0.1108750E+01
-0.9553890E+00
0.0000000E+00
0.0000000E+00
0.0000000E+00
0.0000000E+00
0.4714050E+00
0.2818970E+01
0.3651830E+01
0.3316890E+01
0.0000000E+00
0.0000000E+00
0.0000000E+00
0.0000000E+00
-0.1194920E+00
0.2373900E+01
-0.2490180E+01
0.1090370E+02
-0.5183950E+01
-0.5183950E+01
0.0000000E+00
0.0000000E+00
0.1228140E+01
0.2491960E+00
0.7950930E-01
0.1079110E+01
-0.5035670E+00
-0.4963240E+00
0.0000000E+00
0.0000000E+00
0.1044070E+01
0.9031500E+00
0.2849600E+00
0.2233890E+01
-0.7657490E+00
-0.7657490E+00
0.0000000E+00
0.0000000E+00
0.7617750E+00
0.7103300E+02
0.2199791E+00
